"width"=0.003000
"OD"=0.008000
"ID"=0.003000
"race_thickness"=0.000750
"D_ball"=0.001500
"num_balls"=10.000000
"track_depth"=0.000250
