"diam_head"=0.003800
"L_head"=0.002000
"L"=0.010000
"diam_thread"=0.002000
"pitch"=0.000500
