"width"=0.091250
"height"=0.085446
"stop_width"=0.005000
"inf_stop_x"=0.027955
"superior_stop_x"=0.021901
"superior_stop_angle"=107.704683
"t1"=0.005000
"t2"=0.023108
"t3"=0.007075
"bolt_hole_size"=0.003000
"b1_x"=0.045823
"b1_y"=0.031186
"bolt_dist"=0.042000
"theta_p_init"=73.816587
"bolt_hole_depth"=0.005000
"pitch"=0.000500
"cover_holes_diam"=0.002000
"cover_holes_depth"=0.004000
"cover_hole_pitch"=0.000400
