"width"=0.101616
"height"=0.081292
"stop_width"=0.005000
"inf_stop_x"=0.028041
"superior_stop_x"=0.021957
"superior_stop_angle"=107.704683
"t1"=0.005000
"t2"=0.013747
"cover_holes_diam"=0.002400
"cover_holes_depth"=0.004000
"cover_hole_pitch"=0.000400
