"width"=0.106706
"height"=0.080946
"stop_width"=0.005000
"inf_stop_x"=0.036266
"superior_stop_x"=0.030212
"superior_stop_angle"=105.181439
"t1"=0.005000
"t2"=0.013709
"cover_holes_diam"=0.002400
"cover_holes_depth"=0.004000
"cover_hole_pitch"=0.000400
