"width"=0.103072
"height"=0.097299
"stop_width"=0.005000
"inf_stop_x"=0.040521
"superior_stop_x"=0.033444
"superior_stop_angle"=107.704683
"t1"=0.005000
"t2"=0.035104
"t3"=0.012302
"bolt_hole_size"=0.003000
"b1_x"=0.061100
"b1_y"=0.035820
"bolt_dist"=0.048554
"theta_p_init"=73.816587
"bolt_hole_depth"=0.005000
"pitch"=0.000500
"cover_holes_diam"=0.002000
"cover_holes_depth"=0.004000
"cover_hole_pitch"=0.000400
