"width"=0.101616
"height"=0.081292
"stop_width"=0.005000
"inf_stop_x"=0.028041
"superior_stop_x"=0.021957
"superior_stop_angle"=107.704683
"t1"=0.005000
"t2"=0.029639
"t3"=0.010247
"bolt_hole_size"=0.003000
"b1_x"=0.045988
"b1_y"=0.031322
"bolt_dist"=0.042191
"theta_p_init"=73.816587
"bolt_hole_depth"=0.005000
"pitch"=0.000500
"cover_holes_diam"=0.002000
"cover_holes_depth"=0.004000
"cover_hole_pitch"=0.000400
"pad_t"=0.005000
