"B1"=0.037750
"B2"=0.018875
"B3"=0.040000
"L"=0.026425
"H1"=0.029178
"H2"=0.048144
"H3"=0.126925
"H4"=0.145891
"T"=0.003645
"bolt_hole_diameter"=0.003400
"spring_arm_hole_pos"=0.010570
"spring_arm_hole_max_diam"=0.006000
"spring_arm_hole_min_diam"=0.003400
"arm_hole_head_height"=0.001650
"H_holes"=0.005662
"D_strap"=0.060000
"clip_hole_D"=0.003400
"clip_hole_y1"=0.007413
"clip_hole_dist"=0.014827
"pad_t1"=0.010000
"pad_t2"=0.020000
"unpad_L1"=0.060833
