"B1"=0.055948
"B2"=0.027974
"B3"=0.040000
"L"=0.044759
"H1"=0.029178
"H2"=0.048144
"H3"=0.126925
"H4"=0.145891
"T"=0.005000
