"B1"=0.037750
"B2"=0.018875
"B3"=0.040000
"L"=0.026425
"H1"=0.029178
"H2"=0.048144
"H3"=0.126925
"H4"=0.145891
"T"=0.004050
"bolt_hole_diameter"=0.003400
"spring_arm_hole_pos"=0.010570
"spring_arm_hole_max_diam"=0.006000
"spring_arm_hole_min_diam"=0.003400
"arm_hole_head_height"=0.001650
"H_holes"=0.005662
