"B1"=0.037922
"B2"=0.003904
"B3"=0.042972
"L"=0.026545
"H1"=0.029311
"H2"=0.048363
"H3"=0.127504
"H4"=0.146556
"T"=0.003645
"bolt_hole_diameter"=0.003400
"spring_arm_hole_pos"=0.010618
"spring_arm_hole_max_diam"=0.006000
"spring_arm_hole_min_diam"=0.003400
"arm_hole_head_height"=0.001650
"H_holes"=0.005688
"D_strap"=0.063199
"clip_hole_D"=0.003400
"clip_hole_y1"=0.006000
"clip_hole_dist"=0.012000
"pad_t1"=0.009775
"pad_t2"=0.019549
"unpad_L1"=0.067744
