"B1"=0.043642
"B2"=0.021821
"B3"=0.040000
"L"=0.030549
"H1"=0.033732
"H2"=0.055658
"H3"=0.146734
"H4"=0.168660
"T"=0.004050
"bolt_hole_diameter"=0.003400
"spring_arm_hole_pos"=0.012220
"spring_arm_hole_max_diam"=0.006000
"spring_arm_hole_min_diam"=0.003400
"arm_hole_head_height"=0.001650
"H_holes"=0.006546
"D_strap"=
"clip_hole_D"=0.003400
"clip_hole_y1"=
"clip_hole_dist"=
"pad_t1"=
"pad_t2"=
"unpad_L1"=
