"ID"=0.003200
"OD"=0.006000
"H"=0.000600
