"ID"=0.003200
"OD"=0.004500
"H"=0.002037
