"diam_head"=0.005600
"L_head"=0.001650
"L"=0.009000
"diam_thread"=0.003000
"pitch"=0.000500
