"thread_height"=0.001800
"hex_base_diam"=0.005500
"hole_diam"=0.003000
"pitch"=0.000500
