"B"=0.013055
"L"=0.045200
"H"=0.056500
"T"=0.005000
