"d"=0.003200
"L"=0.009000
