"diam_head"=0.005500
"L_head"=0.002000
"L"=0.024000
"L_thread"=
"diam_thread"=0.003000
"pitch"=0.000500
