"D_coil"=0.005850
"d_wire"=0.002245
"Nb"=3.362432
"l_s_arm"=0.007342
"l_a_arm"=0.007342
"loop_diam"=0.005000
"height"=0.008302
