"D_coil"=0.005850
"d_wire"=0.001544
"Nb"=1.294954
"l_i_arm"=0.008802
"l_p_arm"=0.015032
"loop_diam"=0.005000
"height"=0.002304
