"D_coil"=0.005850
"d_wire"=0.001537
"Nb"=1.362432
"l_s_arm"=0.006112
"l_a_arm"=0.019442
"loop_diam"=0.005000
"height"=0.002304
