"D_coil"=0.005850
"d_wire"=0.002251
"Nb"=3.294954
"l_i_arm"=0.010452
"l_p_arm"=0.010452
"loop_diam"=0.005000
"height"=0.008160
