"D_coil"=0.005850
"d_wire"=0.001592
"Nb"=1.362432
"l_s_arm"=0.006148
"l_a_arm"=0.019539
"loop_diam"=0.005000
"height"=0.002386
