"B1"=0.032536
"B2"=0.016268
"B3"=0.050000
"L"=0.022775
"H1"=0.039200
"H2"=0.064680
"H3"=0.170520
"H4"=0.196000
"T"=0.005000
"bolt_hole_diameter"=0.003400
"spring_arm_hole_pos"=0.009110
"spring_arm_hole_max_diam"=0.006000
"spring_arm_hole_min_diam"=0.003400
"arm_hole_head_height"=0.001650
"H_holes"=0.004880
"D_strap"=
"clip_hole_D"=0.003400
"clip_hole_y1"=
"clip_hole_dist"=
"pad_t1"=
"pad_t2"=
"unpad_L1"=
