"B1"=0.028144
"B2"=0.014072
"B3"=0.050000
"L"=0.019701
"H1"=0.033908
"H2"=0.055948
"H3"=0.147500
"H4"=0.169540
"T"=0.005000
"bolt_hole_diameter"=0.003400
"spring_arm_hole_pos"=0.007880
"spring_arm_hole_max_diam"=0.006000
"spring_arm_hole_min_diam"=0.003400
"arm_hole_head_height"=0.001650
"H_holes"=0.004222
