"B1"=0.027981
"B2"=0.013990
"B3"=0.052521
"L"=0.019587
"H1"=0.033712
"H2"=0.055625
"H3"=0.146647
"H4"=0.168560
"T"=0.005000
"bolt_hole_diameter"=0.003400
"spring_arm_hole_pos"=0.007835
"spring_arm_hole_max_diam"=0.006000
"spring_arm_hole_min_diam"=0.003400
"arm_hole_head_height"=0.001650
"H_holes"=0.004197
"D_strap"=0.062521
"clip_hole_D"=0.003400
"clip_hole_y1"=0.006000
"clip_hole_dist"=0.012000
"pad_t1"=0.005000
"pad_t2"=0.010000
"unpad_L1"=0.067146
