"B1"=0.037299
"B2"=0.018649
"B3"=0.050000
"L"=0.029839
"H1"=0.033908
"H2"=0.055948
"H3"=0.147500
"H4"=0.169540
"T"=0.005000
