"L"=0.120428
"w"=0.024086
"Loop_D"=0.008000
"t"=0.001000
"fold_back_L"=0.060214
