"L"=0.138270
"w"=0.027654
"Loop_D"=0.008000
"t"=0.001000
"fold_back_L"=0.069135
