"L"=0.112622
"w"=0.022524
"Loop_D"=0.008000
"t"=0.001000
"fold_back_L"=0.056311
