"slot_w"=0.005000
"slot_h"=0.026086
"t"=0.004000
"height"=0.034086
"hole_D"=0.003400
"attach_w"=0.018000
