"L"=0.178694
"w"=0.035739
"Loop_D"=0.008000
"t"=0.001000
"fold_back_L"=0.089347
