"slot_w"=0.005000
"slot_h"=0.029654
"t"=0.004000
"height"=0.037654
"hole_D"=0.003400
"attach_w"=0.018000
