"L"=0.110000
"w"=0.022000
"Loop_D"=0.008000
"t"=0.001000
"fold_back_L"=0.055000
